train_losses:
0.9267534248530864, 0.48864894174039364, 0.35759101454168557, 0.3008094372227788, 0.20645053405314684, 0.17986801483202725, 0.14112174650654197, 0.1493390187388286, 0.11113273811643012, 0.08510021440451965, 
train_accs:
0.7081292867660522, 0.8468168377876282, 0.8824681639671326, 0.8991185426712036, 0.9347698092460632, 0.9473065733909607, 0.956709086894989, 0.9571008682250977, 0.9665034413337708, 0.9747306704521179, 
test_losses:
0.7651707958658093, 0.7216087134927072, 0.4195508931189124, 0.1386089780415583, 0.13879138246202558, 0.15982859367014696, 0.10440106600361769, 0.07010247283430501, 0.1303469808290128, 0.06373765520712209, 
test_accs:
0.7788442969322205, 0.8041136264801025, 0.8581782579421997, 0.9555338025093079, 0.9565132260322571, 0.9482859969139099, 0.9655240178108215, 0.9794319272041321, 0.9572967886924744, 0.9804113507270813, 
mean_train_acc: 0.9747306704521179 +- 0.0
var_train_acc: 0.0
mean_test_acc: 0.9804113507270813 +- 0.0
var_test_acc: 0.0
total_train_accs:
0.9747306704521179, 
total_test_accs:
0.9804113507270813, total process time: 183.07038688659668seconds
