train_losses:
1.4428016364574432, 0.9125465124845504, 0.7809265563885371, 0.6885695172680749, 0.5696170104874505, 0.5011754436625375, 0.4487087345785565, 0.41594505608081817, 0.3290740137298902, 0.30803920527299244, 0.2945690714236763, 0.23892406560480595, 0.23122256377504932, 0.2457157365977764, 0.17774265847272344, 0.17851171750161382, 0.16651910261975394, 0.17280542163385285, 0.1498478977009654, 0.1334130828268826, 0.12079332624044684, 0.12419795046250025, 0.12082268368038866, 0.11254226443254285, 0.09636371187451813, 0.10111968668384684, 0.08345900101380216, 0.08099399309915802, 0.0799495308763451, 0.0634087868940292, 
train_accs:
0.5196284651756287, 0.7039957642555237, 0.7429021596908569, 0.7698913216590881, 0.8089730143547058, 0.8264983892440796, 0.8501576781272888, 0.8569926023483276, 0.8913424015045166, 0.9037854671478271, 0.9006308913230896, 0.9181563258171082, 0.9263932704925537, 0.9193831086158752, 0.9393620491027832, 0.9390115141868591, 0.9488257765769958, 0.9449701905250549, 0.9505783319473267, 0.9575884938240051, 0.9623203277587891, 0.9609183073043823, 0.9675779342651367, 0.9660006761550903, 0.970382034778595, 0.9684542417526245, 0.9717840552330017, 0.9740623831748962, 0.9723098278045654, 0.9782684445381165, 
test_losses:
1.3591287371821852, 0.7152679010446364, 0.9461046688506435, 1.3203907386792708, 0.6259627693722545, 0.3252432097041353, 0.3401336949297729, 0.30731858914010546, 0.3072283290800745, 0.20429936607600105, 0.12564105636310058, 0.22659776643760224, 0.1322581872428103, 0.1486693761843911, 0.07919943040671014, 0.10490109882142254, 0.08773409563473251, 0.05481478793697205, 0.04531829124561884, 0.04309720969877162, 0.04998295256052769, 0.12649524378445837, 0.039154764807669065, 0.036906342372466205, 0.04008796232035365, 0.028172061095415618, 0.024229647345339975, 0.019966145370359654, 0.016450949898497432, 0.019449790759199143, 
test_accs:
0.5960392355918884, 0.7844374179840088, 0.7599018216133118, 0.733087956905365, 0.791973352432251, 0.886084794998169, 0.8792498707771301, 0.8967753052711487, 0.8946722745895386, 0.9297230839729309, 0.9591657519340515, 0.9253417253494263, 0.9565369486808777, 0.9453206658363342, 0.9740623831748962, 0.9624955654144287, 0.9686294794082642, 0.9852786064147949, 0.984752893447876, 0.9868559241294861, 0.9838765859603882, 0.9600420594215393, 0.9854539036750793, 0.9894847273826599, 0.9870311617851257, 0.99158775806427, 0.9929898381233215, 0.9940413236618042, 0.9956186413764954, 0.9942165613174438, 
mean_train_acc: 0.9782684445381165 +- 0.0
var_train_acc: 0.0
mean_test_acc: 0.9942165613174438 +- 0.0
var_test_acc: 0.0
total_train_accs:
0.9782684445381165, 
total_test_accs:
0.9942165613174438, total process time: 591.3274028301239seconds
