train_losses:
1.4324397123776949, 0.9554808900142328, 0.700577288101881, 0.6389589645923712, 0.5484247249670517, 0.4609743209603505, 0.418530679666079, 0.363292046273366, 0.32549191266298294, 0.32199163085375077, 0.2821885365515183, 0.2718475643449869, 0.22950020676048902, 0.23992484798416114, 0.18603727063880518, 0.19119320929241487, 0.1781655037536835, 0.17318418137251568, 0.16530869201494333, 0.14303196443674657, 0.1360596479752507, 0.1351197126488655, 0.12335634152763165, 0.11730270634572475, 0.11264851066068961, 0.10017134920240213, 0.09949686098843813, 0.1067718960917913, 0.09946758793189357, 0.10160010064450595, 
train_accs:
0.5327008366584778, 0.6945902109146118, 0.7737181782722473, 0.7916834950447083, 0.8262010216712952, 0.8467904329299927, 0.8544610142707825, 0.8800968527793884, 0.8907952904701233, 0.8968510031700134, 0.9023011326789856, 0.9101735949516296, 0.925312876701355, 0.9212757349014282, 0.9402502775192261, 0.9380298852920532, 0.940855860710144, 0.9485264420509338, 0.9469115734100342, 0.9566007256507874, 0.9588211178779602, 0.9588211178779602, 0.9608396887779236, 0.9586192965507507, 0.9650787115097046, 0.9689139723777771, 0.9685102701187134, 0.9679046869277954, 0.9687121510505676, 0.9675009846687317, 
test_losses:
1.2623014468687244, 0.7448844674329919, 0.7108409113393339, 0.7019914204858667, 0.3765488672338856, 0.36658469987237835, 0.25017987543464254, 0.262782294834535, 0.2557526370779955, 0.30469766095374184, 0.17703709599411993, 0.17384485914636663, 0.17619181189663044, 0.1921704958306207, 0.18723914662730287, 0.1019666813130936, 0.20670640867574447, 0.12357109018674131, 0.11424945834755963, 0.10908439624064396, 0.051982003973274335, 0.04837813711650887, 0.07369259266736619, 0.07439178577030024, 0.03323806710913806, 0.04285418074987812, 0.044900012981923074, 0.02974339289108098, 0.027095017326693765, 0.0249821817511584, 
test_accs:
0.6279773712158203, 0.765845775604248, 0.7751311659812927, 0.7836092114448547, 0.8762615919113159, 0.8758578896522522, 0.9152200222015381, 0.9097698926925659, 0.9111828804016113, 0.8926120400428772, 0.9398465752601624, 0.9362131357192993, 0.9412595629692078, 0.9374243021011353, 0.9465078711509705, 0.9668954014778137, 0.9380298852920532, 0.9586192965507507, 0.9650787115097046, 0.9644731283187866, 0.9842551350593567, 0.9862737059593201, 0.9757771492004395, 0.9777957201004028, 0.9919257164001465, 0.9874848127365112, 0.9858700037002563, 0.992127537727356, 0.9935405254364014, 0.9947516918182373, 
mean_train_acc: 0.9675009846687317 +- 0.0
var_train_acc: 0.0
mean_test_acc: 0.9947516918182373 +- 0.0
var_test_acc: 0.0
total_train_accs:
0.9675009846687317, 
total_test_accs:
0.9947516918182373, total process time: 454.03546476364136seconds
