train_losses:
0.9470234195391337, 0.5385360702872276, 0.4242435422208574, 0.3300652109914356, 0.27654578934113183, 0.24620550577011374, 0.1860372258971135, 0.1674029792141583, 0.11201500052379237, 0.1269982190595733, 
train_accs:
0.7052225470542908, 0.8384156823158264, 0.8636522889137268, 0.8976515531539917, 0.9255169630050659, 0.9253417253494263, 0.9467227458953857, 0.9498773217201233, 0.9689800143241882, 0.9621450901031494, 
test_losses:
1.0075566656756285, 0.9468972343729778, 0.3879494012626512, 0.17660461062880017, 0.44895522120669334, 0.20859298129256038, 0.08431013313885072, 0.04589297820257185, 0.06554355784304637, 0.0655547180481054, 
test_accs:
0.6917279958724976, 0.7632316946983337, 0.876270592212677, 0.9518051147460938, 0.8850332498550415, 0.9355064630508423, 0.9700314998626709, 0.9852786064147949, 0.9812477827072144, 0.9815983176231384, 
mean_train_acc: 0.9621450901031494 +- 0.0
var_train_acc: 0.0
mean_test_acc: 0.9815983176231384 +- 0.0
var_test_acc: 0.0
total_train_accs:
0.9621450901031494, 
total_test_accs:
0.9815983176231384, total process time: 210.20406794548035seconds
