train_losses:
1.090645417005201, 0.5644885111081449, 0.37332141295641286, 0.2755850059322164, 0.23253174022405962, 0.19550987031263642, 0.16430594154362438, 0.12778908497642114, 0.11284738514996782, 0.12056720347579898, 
train_accs:
0.6518548130989075, 0.8260265588760376, 0.8815711140632629, 0.9214441776275635, 0.9279904961585999, 0.9444554448127747, 0.9545724987983704, 0.9597302079200745, 0.9652846455574036, 0.9660781621932983, 
test_losses:
0.6604998934118054, 0.3415784561369993, 0.32123766990402075, 0.367846530260919, 0.25798792891864536, 0.08636177497432579, 0.10976699829290185, 0.09374004967887944, 0.04451366615057274, 0.05320477156746614, 
test_accs:
0.8137274384498596, 0.9027970433235168, 0.8906962871551514, 0.8998214602470398, 0.9244197607040405, 0.9718309640884399, 0.9619123339653015, 0.9692521095275879, 0.9857171177864075, 0.9821463823318481, 
mean_train_acc: 0.9660781621932983 +- 0.0
var_train_acc: 0.0
mean_test_acc: 0.9821463823318481 +- 0.0
var_test_acc: 0.0
total_train_accs:
0.9660781621932983, 
total_test_accs:
0.9821463823318481, total process time: 185.92412614822388seconds
