train_losses:
1.4589493327502963, 0.9899091071720365, 0.8191706734367564, 0.7092336091814162, 0.564036672251134, 0.4915872340715384, 0.440996288687368, 0.3954269891675514, 0.3456066090472137, 0.2987878852629963, 0.2521401245760012, 0.2638689721403997, 0.2334098326443117, 0.2072217491797254, 0.17779494718283037, 0.1561931791609224, 0.14414628010384645, 0.1425548885724967, 0.11952303952384222, 0.13096738508843545, 0.10744160360692045, 0.09402592761347754, 0.09919487352518341, 0.09691482809478347, 0.08984068281288389, 0.08930637281906756, 0.07933762813977237, 0.08597879459539169, 0.08432429431218512, 0.07747137070268015, 
train_accs:
0.5046617984771729, 0.678833544254303, 0.7250545620918274, 0.7601666450500488, 0.8117436766624451, 0.8385241031646729, 0.8516167402267456, 0.87046217918396, 0.88454669713974, 0.9035905599594116, 0.9186669588088989, 0.9093433618545532, 0.9273953437805176, 0.9319579601287842, 0.9414798617362976, 0.9508033990859985, 0.9512001276016235, 0.9563578367233276, 0.962110698223114, 0.959135115146637, 0.9668716788291931, 0.9710375070571899, 0.9672684073448181, 0.9686570167541504, 0.9742114543914795, 0.9724261164665222, 0.9734179973602295, 0.9728228449821472, 0.9757984280586243, 0.9767903089523315, 
test_losses:
1.0556536037710649, 0.7880848412272297, 0.6961513818064823, 0.3951885287143007, 0.5168439479945581, 0.3122684667947926, 0.24161999078491067, 0.2344429741931867, 0.24101295529664318, 0.1954232345842108, 0.1095100742870871, 0.13489537379598315, 0.09469511390581162, 0.11218188964773583, 0.06932027883167509, 0.07003096636101792, 0.08386775373799514, 0.06224546590348399, 0.059681756869901584, 0.043499470535147036, 0.037473909326982274, 0.0273478556228389, 0.025393837844787895, 0.028841010380324116, 0.028858810029570248, 0.02454567429479919, 0.038690710475644735, 0.024594538556293972, 0.016960962285004745, 0.018233431209191162, 
test_accs:
0.6732791066169739, 0.7466772198677063, 0.7550089359283447, 0.8613370060920715, 0.8222574591636658, 0.8916881680488586, 0.9230311512947083, 0.9236262440681458, 0.9148978590965271, 0.9327514171600342, 0.9615155458450317, 0.9555643796920776, 0.9690537452697754, 0.9577465057373047, 0.9775838255882263, 0.9771870374679565, 0.9726244807243347, 0.9795675277709961, 0.9783772826194763, 0.988494336605072, 0.9890894889831543, 0.9920650720596313, 0.9926601648330688, 0.9902796745300293, 0.9916683435440063, 0.9918667078018188, 0.9869073629379272, 0.9934536814689636, 0.9952390193939209, 0.9946439266204834, 
mean_train_acc: 0.9767903089523315 +- 0.0
var_train_acc: 0.0
mean_test_acc: 0.9946439266204834 +- 0.0
var_test_acc: 0.0
total_train_accs:
0.9767903089523315, 
total_test_accs:
0.9946439266204834, total process time: 551.9555978775024seconds
