train_losses:
0.9150058142840862, 0.47885730154812334, 0.2896592803299427, 0.25005476297810675, 0.19448495777323843, 0.15381327853538096, 0.1267771398765035, 0.11095992037444376, 0.10377544823568315, 0.08028170163161122, 
train_accs:
0.704799234867096, 0.8476004004478455, 0.9081292748451233, 0.9234084486961365, 0.9386875629425049, 0.9525954723358154, 0.9604309797286987, 0.9666993021965027, 0.9714006185531616, 0.9739471077919006, 
test_losses:
1.267337874287432, 0.40153970471369577, 0.1176532404114596, 0.4723874184289464, 0.11167619303239462, 0.07934838475993473, 0.22101676662870345, 0.07694870642825861, 0.13117945748290652, 0.12021068832356878, 
test_accs:
0.6342801451683044, 0.8660137057304382, 0.966307520866394, 0.8805093169212341, 0.961410403251648, 0.9743388891220093, 0.9382957816123962, 0.9759059548377991, 0.9606268405914307, 0.9655240178108215, 
mean_train_acc: 0.9739471077919006 +- 0.0
var_train_acc: 0.0
mean_test_acc: 0.9655240178108215 +- 0.0
var_test_acc: 0.0
total_train_accs:
0.9739471077919006, 
total_test_accs:
0.9655240178108215, total process time: 154.5699803829193seconds
