train_losses:
1.2965899661183358, 0.8444078382104635, 0.6410239264369011, 0.5395726013928652, 0.46516911387443544, 0.3971469422802329, 0.34379711989313366, 0.2955718034878373, 0.28696599761024116, 0.25952639281749723, 0.23633386371657253, 0.2058899165596813, 0.1744751194026321, 0.15958916244562715, 0.14633110393770038, 0.13332678587175906, 0.12892118846066297, 0.11661299864063039, 0.11144495410844683, 0.11097883511101828, 0.09557334552519023, 0.0873356304189656, 0.07431252758251503, 0.07704236045246944, 0.08082072091056033, 0.0764054064056836, 0.0687471610493958, 0.0705999391968362, 0.0631898639461724, 0.06242865488748066, 
train_accs:
0.5782566070556641, 0.7314397692680359, 0.7857003211975098, 0.826444685459137, 0.842311441898346, 0.8646425008773804, 0.887952983379364, 0.9042115807533264, 0.8993144035339355, 0.9140058755874634, 0.9220372438430786, 0.9332027435302734, 0.9463271498680115, 0.9496572017669678, 0.9525954723358154, 0.9551420211791992, 0.9600391983985901, 0.9655240178108215, 0.9676787257194519, 0.9649363160133362, 0.9676787257194519, 0.9725759029388428, 0.977081298828125, 0.9759059548377991, 0.9764936566352844, 0.9755142331123352, 0.9800195693969727, 0.9755142331123352, 0.9802154898643494, 0.9817825555801392, 
test_losses:
1.4170613051517726, 1.028810475219143, 0.4964623905877133, 0.5987236159721988, 0.607737459708261, 0.3068707039174683, 0.16632368095349293, 0.17009286222901493, 0.163191229227922, 0.2060535890251039, 0.18614250245316272, 0.13818346418186706, 0.0590825586804552, 0.07996481511568163, 0.06393124387005855, 0.09556763560744912, 0.03757526313777362, 0.04340034314886178, 0.07832664699813421, 0.031907127370422464, 0.023870835360118425, 0.030733330986905467, 0.03512445455972681, 0.03242302928256606, 0.021192526006599943, 0.015777866151472586, 0.0231202338563662, 0.02198474623286615, 0.011101522612235465, 0.015501260168461784, 
test_accs:
0.7014691233634949, 0.6393731832504272, 0.8313418030738831, 0.805876612663269, 0.8135161399841309, 0.9042115807533264, 0.9402546286582947, 0.944564163684845, 0.9426053166389465, 0.9283055663108826, 0.9359451532363892, 0.9476983547210693, 0.9804113507270813, 0.9721841216087341, 0.9792360663414001, 0.967287003993988, 0.9892262816429138, 0.9872673749923706, 0.9729676842689514, 0.9915769100189209, 0.9947111010551453, 0.9900097846984863, 0.9884427189826965, 0.9884427189826965, 0.9921645522117615, 0.9947111010551453, 0.9913809895515442, 0.9929481148719788, 0.997453510761261, 0.9951028227806091, 
mean_train_acc: 0.9817825555801392 +- 0.0
var_train_acc: 0.0
mean_test_acc: 0.9951028227806091 +- 0.0
var_test_acc: 0.0
total_train_accs:
0.9817825555801392, 
total_test_accs:
0.9951028227806091, total process time: 487.0246546268463seconds
