train_losses:
0.9529765951327789, 0.555604484409858, 0.366143762301176, 0.32182154078514147, 0.2313343603641559, 0.16794621681746763, 0.15097679809117928, 0.14100033706292892, 0.11443145191058135, 0.11543027322309521, 
train_accs:
0.707912802696228, 0.8310456275939941, 0.8855470418930054, 0.9014937281608582, 0.9291481375694275, 0.9483245611190796, 0.9549858570098877, 0.9555914402008057, 0.9620508551597595, 0.965886116027832, 
test_losses:
0.6316470905359921, 0.3715609973535324, 0.25463323520699094, 0.21314706133279498, 0.20887474966931946, 0.1418229234986087, 0.0967636154419467, 0.541781877552382, 0.18826468348617725, 0.08705947379175208, 
test_accs:
0.8041986227035522, 0.8679854273796082, 0.9202664494514465, 0.9263221621513367, 0.9356075525283813, 0.9523617029190063, 0.9717400074005127, 0.879895031452179, 0.9489301443099976, 0.9741622805595398, 
mean_train_acc: 0.965886116027832 +- 0.0
var_train_acc: 0.0
mean_test_acc: 0.9741622805595398 +- 0.0
var_test_acc: 0.0
total_train_accs:
0.965886116027832, 
total_test_accs:
0.9741622805595398, total process time: 180.64186549186707seconds
