train_losses:
0.771290859207511, 0.3692526467144489, 0.25025611626915634, 0.17976914448663592, 0.1720177612034604, 0.11404670923948287, 0.10803309823386371, 0.07863081133691593, 0.06724758239579387, 0.06578484838828444, 
train_accs:
0.7569050192832947, 0.8932419419288635, 0.9232125282287598, 0.947110652923584, 0.9488736391067505, 0.9682664275169373, 0.9700294137001038, 0.9774730801582336, 0.9800195693969727, 0.9819784760475159, 
test_losses:
0.8901861905130772, 0.3089169824578164, 0.15929649514532115, 0.5516943833554763, 0.061662518506835795, 0.19340145292019884, 0.08385619712469179, 0.06246194079499645, 0.027194646093782637, 0.02868335047792243, 
test_accs:
0.7694417238235474, 0.9095004796981812, 0.9545543789863586, 0.8669931292533875, 0.9811949133872986, 0.9435847401618958, 0.9721841216087341, 0.9780607223510742, 0.9923604130744934, 0.9909892082214355, 
mean_train_acc: 0.9819784760475159 +- 0.0
var_train_acc: 0.0
mean_test_acc: 0.9909892082214355 +- 0.0
var_test_acc: 0.0
total_train_accs:
0.9819784760475159, 
total_test_accs:
0.9909892082214355, total process time: 186.7883927822113seconds
